mAP: 0.45168866605736724
AP_50: 0.7292163178698172
AP_75: 0.41703120329395976
AP_small: 0.14509194799765077
AP_m: 0.2656689714496715
AP_l: 0.5333615099345317
