mAP: 0.4458433835400856
AP_50: 0.7237578255059699
AP_75: 0.40933272186641023
AP_small: 0.17510780894373307
AP_m: 0.2602050269300978
AP_l: 0.5305900960770802
